75, 
ber2 =

    0.0026

30, 
ber2 =

    0.2974

15, 
ber2 =

    0.4766

60, 
ber2 =

    0.0169

45, 
ber2 =

    0.0840

105, 
ber2 =

   1.4286e-05

90, 
ber2 =

   2.9391e-04

120, 
ber2 =

   3.3898e-06

270, 
ber2 =

   8.7464e-07

255, 
ber2 =

   2.8571e-07

180, 
ber2 =

     0

165, 
ber2 =

     0

150, 
ber2 =

   5.0125e-07

135, 
ber2 =

   3.2020e-06

210, 
ber2 =

   1.0782e-06

195, 
ber2 =

   1.0582e-06

240, 
ber2 =

     0

225, 
ber2 =

     0

330, 
ber2 =

   3.1746e-07

315, 
ber2 =

   2.1739e-06

300, 
ber2 =

     0

285, 
ber2 =

     0

360, 
ber2 =

     0

345, 
ber2 =

   1.2987e-06

375, 
ber2 =

     0

390, 
ber2 =

   1.3937e-06

405, 
ber2 =

     0

420, 
ber2 =

   7.3260e-07

435, 
ber2 =

     0

450, 
ber2 =

   1.5444e-06

465, 
ber2 =

     0

495, 
ber2 =

     0

480, 
ber2 =

   4.0816e-07

